746526
856323
31189
170104
957853
918317
336814
171360
933352
300487
225276
199547
90946
564244
449675
299855
210634
697721
792837
248793
352055
75819
736897
320798
532222
343563
845389
381179
273861
792279
441647
704064
361840
974062
755539
599373
265488
334376
457113
309721
298595
735015
287614
406466
367391
260606
500881
138671
767848
298461
223580
985088
932013
712241
685694
80467
802576
448506
128484
249390
47510
937920
329520
556093
936060
994374
183024
51772
537586
3443
605679
624108
767039
717330
804821
311212
995601
686259
708436
761686
367887
615662
490349
690950
462241
767330
705193
471556
929713
722000
84924
382783
959641
619284
617154
224145
291597
571253
961683
426537
346380
636787
18916
338521
733393
428816
343323
952312
204852
6867
537115
989820
730931
255875
483702
327027
299322
272393
538008
394476
521215
27473
330072
37720
868562
429223
252593
937162
908068
213795
270117
744469
273860
362812
445768
680684
290896
319601
195492
716318
887403
460105
269129
689429
94275
606750
230975
303411
115739
181010
643136
484438
444427
573401
646860
327673
105487
153613
639557
4320
60981
973128
559889
729867
70432
820778
352355
54464
562706
226403
927344
797466
687754
323395
876819
792229
906484
619417
680027
469793
640588
463398
61815
890618
112172
548664
145490
592484
608115
268320
50082
758345
924351
707206
891156
219855
894403
195698
934997
72172
628242
354909
272089
660032
662434
568026
240696
989621
257374
340876
774186
83782
120462
77497
613126
914614
25833
761422
45839
823481
862374
383279
109274
746735
651071
923635
584771
647012
272629
605041
68620
406180
524628
983790
190511
600385
745487
772217
981485
683413
108438
504545
915117
936468
725227
157513
666138
655244
943417
524776
116300
833360
932520
261979
287434
510098
185858
145230
467735
128231
435355
100146
521387
69233
208419
724478
501500
681192
236627
748830
213175
379781
921517
942507
981615
525396
726715
329892
59906
221740
316468
380495
870618
167970
317508
435795
855807
723674
271658
638548
853464
512363
87587
121537
860703
466281
811757
876126
705215
898412
980795
884516
811930
369373
486751
764075
519972
290294
85202
936361
8087
255124
808388
156934
995768
676020
967739
767356
957639
723177
683132
580411
724950
201771
477728
521514
943707
470519
190803
40401
658621
805854
598069
632209
332614
481490
53787
868767
274467
615579
556993
928352
216957
821799
831357
418952
607892
439058
89768
459834
787677
248600
503333
533607
557250
333092
950129
388969
708808
757793
850
327043
833417
84442
786937
879212
184967
764349
350821
457187
380119
361281
682010
723619
359384
309200
647278
501504
990282
872263
143755
305202
686815
706779
518817
993234
898571
490662
777777
19495
431728
877742
839217
76928
104971
811336
643069
587938
458558
340818
661829
688609
961296
644690
949541
928625
473490
354279
348894
423623
560165
416465
551552
415893
980081
517411
732463
2742
830442
974214
818485
792915
892277
459123
251966
356794
872156
735186
382489
908540
980944
827116
890752
80862
571869
566744
752516
542432
999725
64929
798538
629863
801157
120178
420402
977392
428450
876643
203871
177372
29659
157740
933116
190571
595094
252266
877890
780456
477746
903323
945973
967502
300565
400232
463896
28366
887878
344791
832529
969686
514922
83906
842174
366602
351364
648955
463574
323493
396938
283459
723465
14077
921150
852336
457012
859690
789569
83078
897588
21296
634200
586154
513833
223722
195011
896223
553580
854870
853328
921533

47354
156541
83505
463607
245625
540865
464773
773183
578465
353106
395173
790843
90908
289498
91117
80780
938895
214682
230433
613639
704302
492300
7018
268459
778408
108262
367057
773480
305914
248307
487013
231146
374958
382115
773227
348445
869804
647811
451454
511358
501408
288047
441116
90168
867055
183066
877509
925038
846531
985164
373638
114796
60919
785492
915559
851259
806678
758434
408791
580486
318839
465146
38742
19374
480538
78371
781169
104644
561993
445616
303561
20599
516670
201621
303932
312585
774308
323778
649287
722472
999460
862501
445673
507312
709879
36562
849029
326933
835946
259755
39731
636556
225476
912620
814150
378056
319472
84986
449330
654072
332544
336966
990218
991233
570743
387458
736991
833792
161444
592509
889104
429857
337915
209269
807501
897772
704960
664059
506040
242069
37740
689908
457068
95322
111467
208647
628511
840284
353123
453946
633678
960219
598758
944686
519490
590251
816469
400835
228956
385784
889274
993222
798964
537100
66716
612871
192577
946152
678021
346610
832189
823090
376797
99672
650446
538296
710956
994901
768798
700952
56223
220014
270118
146040
561361
195734
789455
156326
758626
835627
616122
613486
675617
304549
818739
261466
712551
679393
377694
868079
950709
568415
130891
763421
976502
89574
672616
812919
870570
448018
398968
210734
920734
91837
664856
951405
84022
133081
989824
825506
334946
36538
365557
508462
845603
65136
832421
187308
139240
215631
690014
767403
324133
314332
486747
101965
714185
465967
422773
120922
373631
547454
912995
858347
598850
848423
843211
24038
669892
990170
894776
87636
176751
828124
164066
409000
312790
956086
808471
792389
279947
143891
832072
670400
83625
71840
59952
936328
382095
791428
779930
253904
848516
113206
691275
794155
957021
964164
803280
666643
637540
366261
452634
167948
809571
78582
233470
202455
323168
812900
286908
584207
57321
618760
861493
418275
803331
161674
898150
917491
306480
860756
685813
806596
120294
94901
507536
462662
611180
477059
420652
450903
895183
446915
985168
965310
148922
656290
137226
895409
429715
651118
174762
537
696738
251535
231998
118933
374218
830090
721748
871018
330483
653126
171798
62800
768560
381990
407975
425829
677801
1425
445036
672938
369868
243028
610502
328664
290025
614194
163688
291208
630260
556469
730010
244460
246310
392189
259919
438055
236281
400727
790056
75611
233782
813515
369559
661899
950178
757198
220172
813490
202681
771055
17302
151336
865242
552711
262848
623869
898489
787128
304667
372986
688330
805468
77679
581801
791714
149048
841842
688482
494156
908667
194698
946595
488511
630864
866002
600644
200242
669588
3491
947640
684208
112305
789355
614927
712850
78308
717850
703497
107001
459176
8884
839171
489354
927925
852807
945776
666956
670987
301232
444417
850416
418920
738077
455660
574052
580955
127949
931034
295659
425565
421865
871264
924211
153439
492888
355469
205312
394606
125292
942475
894462
845370
195548
633434
799658
402275
421758
193780
459058
436416
434263
376097
746146
67517
138263
834580
627585
73182
284133
975667
922522
849422
359445
759026
530849
634476
483776
87211
431504